.905113,6.233928
35.005127,6.575768
35.105145,5.570130
35.205154,6.612506
35.305172,6.254018
35.405190,6.007199
35.505199,6.435390
35.605217,5.562759
35.705231,5.383316
35.805248,5.335649
35.905258,5.904144
36.005276,5.049794
36.105289,6.316924
36.205303,6.090104
36.305321,6.882638
36.405331,5.026736
36.505348,5.288347
36.605358,6.875739
36.705376,6.027789
36.805393,6.399977
36.905407,6.618883
37.005424,5.138559
37.105434,6.635754
37.205452,5.419701
37.305466,6.084233
37.405479,5.075819
37.505497,5.355133
37.605511,6.028801
37.705524,6.320497
37.805538,5.562596
37.905552,6.122265
38.005569,6.198761
38.105583,6.604360
38.205597,6.735365
38.305611,5.591605
38.405624,5.431531
38.505638,5.354898
38.605656,6.615066
38.705669,5.323515
38.805683,6.406311
38.905697,5.778638
39.005711,5.986969
39.105728,5.519223
39.205742,6.733663
39.305756,5.103146
39.405769,6.801437
39.505783,6.321163
39.605801,6.966978
39.705811,5.475052
39.805828,6.913077
39.905846,6.207811
40.005856,5.085223
40.105873,5.647713
40.205887,6.030065
40.305901,5.798679
40.405914,5.794433
40.505928,6.298844
40.605946,5.999415
40.705959,6.312126
40.805977,5.337740
40.905987,5.559000
41.006001,6.221301
41.106014,6.239609
41.206032,6.666724
41.306049,5.073024
41.406059,6.922441
41.506077,6.756541
41.606087,5.751390
41.706104,6.953681
41.806122,6.867217
41.906132,6.361269
42.006149,5.867895
42.106163,5.144110
42.206177,6.321123
42.306190,6.335975
42.406208,5.672711
42.506222,5.302893
42.606236,5.037241
42.706253,5.100107
42.806263,6.021708
42.906281,5.077256
43.006294,6.165971
43.106308,5.708112
43.206326,6.831289
43.306335,6.607128
43.406353,5.816846
43.506367,6.786119
43.606380,6.582573
43.706394,6.809118
43.806408,5.402804
43.906425,6.268863
44.006439,6.062959
44.106457,6.551178
44.206467,6.519748
44.306484,6.256985
44.406502,6.671345
44.506512,5.231242
44.606529,5.966182
44.706543,6.495533
44.806557,5.757017
44.906567,5.515566
45.006584,5.904747
45.106602,5.939416
45.206612,5.958519
45.306629,5.967832
45.406643,5.425674
45.506657,6.607661
45.606670,5.656113
45.706688,6.148624
45.806705,5.222774
45.906715,6.297779
46.006733,5.438133
46.106743,6.382929
46.206760,6.178581
46.306774,5.460139
46.406788,5.638691
46.506805,6.719414
46.606819,5.061571
46.706833,5.448317
46.806847,5.948338
46.906864,6.242221
47.006882,5.488613
47.106892,6.040385
47.206909,6.619702
47.306919,5.563954
47.406937,6.354151
47.506950,6.527102
47.606964,6.024338
47.706982,5.584602
47.806995,6.753390
47.907009,6.788420
48.007023,5.243873
48.107040,5.194275
48.207050,6.334455
48.307068,5.819732
48.407082,6.748856
48.507095,6.769486
48.607113,6.023106
48.707123,5.035064
48.807140,5.525947
48.907158,6.289327
49.007168,5.661704
49.107185,5.260132
49.207199,5.801506
49.307217,6.755872
49.407230,5.930789
49.507244,5.277617
49.607262,6.991210
49.707272,6.632263
49.807289,5.823684
49.907303,6.981847
50.007317,6.170750
50.107330,5.631711
50.207344,6.045402
50.307362,5.619812
50.407375,5.920459
50.507393,6.417482
50.607403,5.313631
50.707420,6.640821
50.807430,6.099165
50.907448,6.172914
51.007465,5.895563
51.107475,5.483136
51.207493,5.182680
51.307507,6.991533
51.407520,5.803472
51.507538,5.329729
51.607552,6.440724
51.707565,6.365942
51.807579,5.853448
51.907597,6.231312
52.007607,5.153573
52.107624,6.171647
52.207642,5.445882
52.307652,5.236854
52.407669,6.598008
52.507683,6.579577
52.607697,6.868985
52.707710,6.249638
52.807728,6.494141
52.907742,6.287779
53.007755,5.544801
53.107769,6.431910
53.207783,6.370573
53.307800,5.167900
53.407810,5.878739
53.507828,5.363469
53.607841,6.732614
53.707855,6.765407
53.807873,6.519749
53.907883,5.886928
54.007900,5.775265
54.107918,6.958388
54.207928,6.965877
54.307945,6.247409
54.407959,6.479670
54.507977,6.355302
54.607986,5.287292
54.708004,5.035667
54.808018,5.874506
54.908031,5.976544
55.008049,6.797787
55.108063,6.992280
55.208076,5.417225
55.308090,5.109822
55.408104,6.567255
55.508121,5.623416
55.608135,5.523501
55.708153,6.889341
55.808163,6.880700
55.908180,6.363756
56.008198,6.208848
56.108208,6.066028
56.208225,5.793663
56.308239,6.332304
56.408253,6.037965
56.508266,6.316813
56.608284,5.881998
56.708298,5.824331
56.808311,6.715335
56.908329,5.500788
57.008339,5.987694
57.108356,5.402536
57.208366,6.756142
57.308384,6.899241
57.408401,6.775641
57.508411,6.073195
57.608429,6.835293
57.708439,5.699876
57.808456,5.152096
57.908470,5.047603
58.008484,5.025304
58.108501,6.521815
58.208511,5.105796
58.308529,6.752403
58.408543,6.031986
58.508560,5.448441
58.608570,6.983235
58.708588,6.282182
58.808605,5.711120
58.908615,5.201615
59.008633,6.813528
59.108646,6.667639
59.208664,5.576780
59.308678,5.746804
59.408691,6.156167
59.508705,6.244276
59.608719,5.747665
59.708736,6.690777
59.808746,6.928390
59.908760,5.939830
60.008778,6.164606
60.108791,5.189780
60.208805,5.172529
60.308819,6.032207
60.408833,5.455746
60.508846,6.684514
60.608864,5.796535
60.708878,5.906100
60.808891,6.959769
60.908905,5.327076
61.008919,5.876472
61.108936,6.200118
61.208954,5.083658
61.308968,5.402897
61.408981,5.102128
61.508995,6.133126
61.609009,5.813774
61.709023,6.093139
61.809040,5.586050
61.909058,6.380535
62.009068,5.468601
62.109085,5.858213
62.209095,5.525481
62.309113,5.680201
62.409126,6.931586
62.509144,6.579382
62.609158,6.130168
62.709171,5.795305
62.809185,6.241485
62.909199,5.737252
63.009216,5.527421
63.109226,5.557374
63.209244,6.975760
63.309258,5.056211
63.409271,6.313148
63.509289,6.628608
63.609303,5.815538
63.709316,5.664524
63.809326,6.971619
63.909344,6.124338
64.009361,5.259340
64.109375,6.723833
64.209389,5.641848
64.309402,6.942186
64.409416,5.259565
64.509430,5.482635
64.609451,5.258239
64.709457,5.518493
64.809479,6.189452
64.909485,5.055439
65.009506,6.725836
65.109520,6.648845
65.209534,5.034237
65.309547,6.511558
65.409561,5.340660
65.509583,5.665449
65.609589,6.203408
65.709610,5.996106
65.809624,5.958991
65.909637,5.158694
66.009651,5.350854
66.109665,5.496121
66.209679,5.450716
66.309692,6.058309
66.409714,6.313365
66.509727,5.161331
66.609741,5.635802
66.709755,5.742489
66.809769,6.082603
66.909782,6.569905
67.009804,5.794863
67.109818,6.244181
67.209831,5.462567
67.309837,6.207585
67.409859,5.825177
67.509872,6.859485
67.609886,6.491549
67.709908,6.922837
67.809921,5.527919
67.909935,5.119790
68.009941,6.495629
68.109962,5.529053
68.209976,6.136424
68.309990,5.925886
68.410011,6.278300
68.510017,5.185733
68.610031,5.170815
68.710045,5.784650
68.810066,5.524932
68.910080,6.251774
69.010094,6.911791
69.110115,6.754702
69.210121,6.025151
69.310135,6.359241
69.410149,6.293826
69.510170,6.118355
69.610176,6.958768
69.710190,5.044065
69.810211,6.428262
69.910225,5.364501
70.010239,6.747152
70.110252,6.170848
70.210266,6.675640
70.310280,5.381141
70.410294,6.511455
70.510315,6.386975
70.610329,5.751636
70.710335,5.342313
70.810349,6.785466
70.910370,5.965788
71.010384,6.356555
71.110397,5.018455
71.210419,6.839192
71.310425,6.386019
71.410439,5.812022
71.510452,6.324226
71.610474,6.194755
71.710487,6.656755
71.810501,5.450122
71.910515,6.044755
72.010529,6.054219
72.110542,5.516860
72.210564,6.593143
72.310577,5.293804
72.410591,6.024471
72.510597,6.949669
72.610619,6.202424
72.710632,6.419941
72.810646,6.286051
72.910667,6.208233
73.010674,6.444931
73.110687,6.596289
73.210701,6.505707
73.310722,6.086688
73.410736,6.241345
73.510750,6.648515
73.610764,6.397677
73.710777,5.901438
73.810791,5.889304
73.910805,5.002101
74.010826,6.950735
74.110832,5.681741
74.210846,6.785820
74.310867,6.203825
74.410881,5.023079
74.510895,5.852193
74.610909,6.582194
74.710930,6.312903
74.810936,5.446053
74.910950,6.703994
75.010971,5.417180
75.110985,6.363354
75.210991,6.434830
75.311005,6.698710
75.411026,5.438430
75.511040,6.122481
75.611053,6.628528
75.711075,5.921546
75.811081,5.752928
75.911095,5.409163
76.011108,5.297677
76.111130,5.464265
76.211143,6.052408
76.311150,5.843106
76.411171,6.284251
76.511185,5.514628
76.611198,5.368032
76.711220,6.827227
76.811234,5.479646
76.911247,6.399384
77.011261,5.992035
77.111275,6.029364
77.211288,5.044611
77.311302,6.137652
77.411324,5.587251
77.511337,5.649646
77.611343,6.271274
77.711357,6.492658
77.811378,5.831756
77.911392,5.479568
78.011406,5.141749
78.111427,6.093344
78.211433,5.165002
78.311447,6.972798
78.411461,6.919192
78.511482,5.510957
78.611496,6.625853
78.711510,6.171816
78.811523,6.006274
78.911537,5.665228
79.011551,5.239380
79.111565,5.967463
79.211586,6.131512
79.311600,5.254036
79.411606,6.974243
79.511627,6.335060
79.611641,6.023565
79.711655,6.704952
79.811668,6.365672
79.911682,6.293276
80.011696,6.171618
80.111710,5.710734
80.211731,5.520912
80.311745,5.775775
80.411758,6.878123
80.511780,5.376070
80.611786,5.369872
80.711800,6.000585
80.811813,6.217463
80.911835,6.508734
81.011848,6.011439
81.111862,6.699120
81.211868,6.449685
81.311890,6.961282
81.411903,6.266438
81.511917,5.788453
81.611938,5.286679
81.711952,5.057462
81.811958,5.210060
81.911980,5.648991
82.011993,6.683856
82.112007,5.585854
82.212021,6.380088
82.312042,6.145448
82.412048,6.931411
82.512062,5.708560
82.612083,6.442835
82.712097,5.498912
82.812111,5.096984
82.912125,6.568680
83.012146,5.881362
83.112152,5.341441
83.212166,6.751515
83.312187,5.665689
83.412201,5.998940
83.512215,5.432891
83.612221,6.480247
83.712242,6.026639
83.812256,5.118728
83.912270,5.467368
84.012291,6.852285
84.112305,6.719371
84.212318,5.284382
84.312340,6.900688
84.412346,6.556417
84.512360,6.577572
84.612373,5.669233
84.712395,5.268396
84.812408,6.293278
84.912415,5.443224
85.012428,5.356673
85.112450,5.951642
85.212463,5.841456
85.312477,5.807121
85.412498,5.719275
85.512512,5.883641
85.612518,6.954026
85.712540,5.309355
85.812553,6.015648
85.912567,5.917234
86.012573,6.898727
86.112595,5.862223
86.212608,5.720516
86.312622,5.696200
86.412643,5.389613
86.512657,6.007714
86.612671,6.777812
86.712677,6.769897
86.812698,6.459854
86.912712,5.306301
87.012726,5.632946
87.112747,6.056475
87.212753,5.854534
87.312767,6.470776
87.412781,6.852726
87.512802,6.589680
87.612816,6.911555
87.712830,5.272964
87.812843,5.941612
87.912857,5.694219
88.012871,5.495250
88.112885,5.670755
88.212906,5.131129
88.312912,6.124867
88.412926,5.962543
88.512947,6.835639
88.612961,6.760686
88.712975,5.922257
88.812988,6.264946
88.913002,6.645392
89.013016,6.262126
89.113029,6.326544
89.213051,5.308967
89.313065,6.952173
89.413071,6.922808
89.513084,6.153218
89.613106,6.355687
89.713120,6.344779
89.813133,5.019832
89.913155,6.482597
90.013168,5.747962
90.113182,6.597853
90.213196,6.843624
90.313210,6.287691
90.413223,5.962194
90.513237,5.089246
90.613258,6.207821
90.713272,6.746436
90.813278,5.608645
90.913300,6.626831
91.013313,6.836013
91.113327,5.704929
91.213341,6.894607
91.313362,5.326541
91.413368,6.369558
91.513382,6.520520
91.613403,5.652048
91.713417,6.904827
91.813431,5.131832
91.913445,6.879493
92.013458,5.357761
92.113472,6.878636
92.213486,5.976933
92.313507,5.320892
92.413521,5.409739
92.513535,6.221973
92.613548,5.066347
92.713570,6.947071
92.813576,5.717715
92.913589,6.079020
93.013611,5.522263
93.113625,5.795691
93.213631,5.245753
93.313644,6.730136
93.413666,6.003591
93.513680,6.080138
93.613693,6.769612
93.713715,6.363256
93.813721,5.746757
93.913734,5.687892
94.013756,5.173195
94.113770,6.818257
94.213783,6.525314
94.313797,6.318302
94.413811,5.959734
94.513824,5.308284
94.613838,6.733561
94.713860,6.158268
94.813873,6.232905
94.913887,6.400907
95.013901,5.839268
95.113922,5.755116
95.213936,6.510104
95.313942,5.152274
95.413963,5.524321
95.513977,6.142224
95.613991,6.993782
95.713997,5.740793
95.814018,6.910280
95.914032,6.593206
96.014046,6.700677
96.114067,5.751072
96.214081,6.335641
96.314095,6.550264
96.414101,6.446825
96.514122,6.516689
96.614136,5.252788
96.714149,6.514770
96.814171,6.567602
96.914177,5.911945
97.014191,5.897157
97.114204,5.943489
97.214226,5.946405
97.314240,6.352746
97.414253,5.752604
97.514267,5.576367
97.614281,5.179934
97.714294,6.089718
97.814316,6.125027
97.914330,5.627751
98.014336,5.023427
98.114349,5.957155
98.214371,5.937012
98.314384,5.893510
98.414398,6.671200
98.514420,5.296837
98.614426,6.367699
98.714439,6.153671
98.814453,5.076361
98.914474,6.873533
99.014488,6.122743
99.114502,5.604526
99.214516,5.229466
99.314529,6.231414
99.414543,5.951740
99.514557,6.098218
99.614578,6.145081
99.714592,5.043335
99.814606,6.074750
99.914619,5.708656
100.014633,6.573748
100.114647,5.168245
100.214661,5.091396
100.314674,6.161410
100.414688,5.671147
100.514702,5.185221
100.614723,6.522284
100.714737,5.354063
100.814751,6.418143
100.914764,6.765901
101.014778,6.211319
101.114792,6.210998
101.214806,6.990879
101.314827,5.486139
101.414841,5.691937
101.514854,6.717664
101.614861,5.155909
101.714882,5.810487
101.814896,6.787655
101.914909,5.306775
102.014931,6.788094
102.114944,6.069481
102.214958,6.977791
102.314964,5.635270
102.414986,6.035408
102.514999,6.687155
102.615013,5.161174
102.715034,5.915234
102.815041,5.882667
102.915054,6.628730
103.015076,6.671364
103.115089,6.063708
103.215103,6.130620
103.315117,5.075994
103.415131,5.630602
103.515144,5.526074
103.615158,5.804699
103.715179,5.568668
103.815193,6.846983
103.915199,5.772435
104.015213,6.931544
104.115234,6.367951
104.215248,5.885378
104.315262,6.244117
104.415276,6.769662
104.515289,5.603300
104.615303,6.591698
104.715317,5.322960
104.815331,6.400733
104.915344,6.210865
105.015358,5.240909
105.115379,6.128504
105.215393,6.694767
105.315407,6.125730
105.415413,5.541674
105.515434,6.257271
105.615448,5.061326
105.715462,6.248806
105.815483,5.504760
105.915489,6.933724
106.015503,5.835285
106.115517,5.315512
106.215538,6.294831
106.315552,5.679866
106.415565,5.180112
106.515579,5.471449
106.615593,6.678058
106.715607,6.132652
106.815620,6.500700
106.915642,5.766324
107.015648,6.451519
107.115662,6.060096
107.215683,6.035269
107.315697,6.682314
107.415710,5.059519
107.515732,5.577123
107.615746,6.825422
107.715752,6.578792
107.815765,5.302444
107.915787,5.296908
108.015800,6.517716
108.115814,5.476968
108.215820,5.761913
108.315842,5.468740
108.415855,6.758111
108.515869,6.780064
108.615891,6.005519
108.715904,6.725949
108.815918,6.755599
108.915932,5.797650
109.015945,6.567067
109.115959,6.187015
109.215973,5.375241
109.315994,5.183282
109.416000,6.087449
109.516014,5.750093
109.616035,5.552570
109.716049,6.490729
109.816063,5.320794
109.916077,6.229224
110.016098,5.120782
110.116104,6.073896
110.216118,5.221817
110.316139,5.609015
110.416153,6.989830
110.516167,5.055727
110.616173,6.265927
110.716194,6.330588
110.816208,6.839402
110.916222,5.138119
111.016243,6.945320
111.116257,6.908386
111.216270,6.362637
111.316277,6.420622
111.416298,6.258017
111.516312,5.463782
111.616325,6.819444
111.716347,6.546608
111.816353,5.458221
111.916367,6.745807
112.016380,5.201079
112.116402,5.290425
112.216415,6.184710
112.316429,6.445918
112.416443,6.595488
112.516457,5.708240
112.616470,6.991570
112.716492,6.281878
112.816505,5.339826
112.916512,6.215798
113.016525,5.837414
113.116547,6.202033
113.216560,5.554274
113.316574,6.406929
113.416595,6.573461
113.516609,5.373035
113.616615,5.798435
113.716629,6.413148
113.816650,6.111036
113.916664,6.987675
114.016678,6.180324
114.116692,6.115688
114.216705,6.822461
114.316719,5.087224
114.416733,5.314355
114.516754,5.448225
114.616768,6.498330
114.716774,5.886237
114.816795,6.656105
114.916809,5.266145
115.016823,5.530051
115.116837,6.397473
115.216850,5.880248
115.316864,6.534149
115.416878,6.966241
115.516899,5.118630
115.616913,6.620961
115.716927,5.827885
115.816940,5.803793
115.916962,6.517278
116.016968,6.851760
116.116982,6.142715
116.217003,6.009404
116.317017,5.644138
116.417030,5.542375
116.517052,6.017002
116.617058,5.801226
116.717072,5.659879
116.817085,5.205760
116.917107,5.962001
117.017120,6.705242
117.117134,5.199920
117.217140,5.624033
117.317162,6.148977
117.417175,6.984892
117.517189,5.392371
117.617210,6.942672
117.717216,6.294496
117.817230,6.045650
117.917252,6.266533
118.017265,5.328513
118.117279,5.901572
118.217293,5.974207
118.317314,5.040752
118.417320,6.233439
118.517334,5.319973
118.617355,5.344663
118.717369,6.774782
118.817383,5.576413
118.917389,6.302808
119.017410,6.459184
119.117424,5.950897
119.217438,6.386460
119.317459,6.926922
119.417473,5.512390
119.517487,5.812613
119.617493,6.621138
119.717514,6.709030
119.817528,6.857702
119.917542,5.769730
120.017563,6.295249
120.117569,5.802202
120.217583,6.763595
120.317596,6.525026
120.417618,6.274141
120.517632,6.284651
120.617638,6.796502
120.717659,5.444170
120.817673,6.222479
120.917686,6.931113
121.017700,5.330037
121.117722,5.886110
121.217728,5.703712
121.317741,6.667589
121.417763,5.390267
121.517776,6.160417
121.617790,6.022414
121.717796,6.321065
121.817818,5.707819
121.917831,5.244288
122.017845,5.622954
122.117867,5.401155
122.217873,5.143016
122.317886,6.872514
122.417908,5.274508
122.517921,5.231507
122.617935,5.123024
122.717949,5.244271
122.817963,6.215579
122.917976,5.240572
123.017990,5.895803
123.118011,5.835832
123.218025,5.687474
123.318031,5.907495
123.418045,5.147326
123.518066,5.654708
123.618080,6.929829
123.718094,5.551499
123.818115,6.909926
123.918121,6.073677
124.018135,5.932500
124.118149,6.974143
124.218170,5.511808
124.318184,6.957210
124.418190,5.709187
124.518211,6.642294
124.618225,5.930198
124.718239,5.773867
124.818253,6.867074
124.918274,5.155631
125.018288,5.976150
125.118294,6.331498
125.218315,6.518485
125.318329,5.864981
125.418343,6.839268
125.518356,5.888442
125.618378,6.388416
125.718384,6.375393
125.818398,6.676429
125.918419,5.264763
126.018433,5.835207
126.118446,6.392589
126.218468,6.296692
126.318474,5.624888
126.418488,5.447571
126.518501,6.689753
126.618523,6.190307
126.718536,5.530537
126.818542,5.939983
126.918556,6.238714
127.018578,5.831948
127.118591,6.719223
127.218605,5.357354
127.318626,6.535337
127.418633,6.731006
127.518646,5.019005
127.618668,5.038728
127.718681,5.566939
127.818695,5.964327
127.918701,6.172111
128.018723,6.178534
128.118729,6.512235
128.218750,6.321491
128.318771,6.774973
128.418777,6.700131
128.518799,5.551285
128.618805,5.436801
128.718826,5.903025
128.818832,6.538680
128.918854,6.849576
129.018860,6.408291
129.118881,6.590714
129.218903,5.239225
129.318909,5.509734
129.418930,5.791370
129.518951,6.957383
129.618958,5.415191
129.718979,6.603968
129.818985,6.228740
129.919006,6.085525
130.019012,5.875789
130.119034,5.801580
130.219055,5.517694
130.319061,5.377851
130.419067,5.392151
130.519089,6.583406
130.619110,5.789540
130.719116,6.794685
130.819138,6.700088
130.919144,5.598733
131.019165,5.321353
131.119171,6.417858
131.219193,6.067264
131.319214,5.230725
131.419220,5.544849
131.519226,5.173100
131.619247,5.929812
131.719269,6.074089
131.819275,5.525902
131.919296,5.569042
132.019302,6.908406
132.119324,5.640557
132.219330,6.514980
132.319351,6.189423
132.419373,5.857623
132.519379,6.116829
132.619385,5.670897
132.719406,5.810293
132.819427,5.775938
132.919434,5.997755
133.019455,6.326609
133.119461,6.189071
133.219482,5.146852
133.319489,6.000266
133.419510,5.194665
133.519531,6.696521
133.619537,6.629312
133.719559,5.502498
133.819565,5.261469
133.919586,5.468929
134.019608,6.962125
134.119614,5.340120
134.219635,5.853249
134.319641,6.176873
134.419647,6.660481
134.519669,6.728121
134.619675,5.955269
134.719696,6.185544
134.819717,6.087008
134.919724,5.207571
135.019745,5.529539
135.119766,6.243109
135.219772,6.908922
135.319794,5.671261
135.419815,5.464231
135.519806,5.025486
135.619827,5.672367
135.719833,6.526786
135.819855,6.966918
135.919876,5.067016
136.019882,5.298684
136.119904,5.655300
136.219925,5.263618
136.319931,5.712710
136.419952,5.978925
136.519974,5.060993
136.619965,6.879315
136.719986,6.565383
136.820007,6.987756
136.920013,6.656212
137.020035,6.476098
137.120041,6.560044
137.220062,6.927137
137.320084,6.526606
137.420090,5.712584
137.520111,6.111070
137.620132,5.618418
137.720139,6.154929
137.820145,5.416159
137.920166,6.410427
138.020172,6.735769
138.120193,5.743806
138.220215,6.825455
138.320221,5.009528
138.420242,5.569255
138.520248,6.540808
138.620270,6.788187
138.720291,6.288562
138.820297,6.180835
138.920303,5.163806
139.020325,6.870900
139.120331,5.281655
139.220352,5.768636
139.320374,5.231761
139.420380,5.426597
139.520401,5.473963
139.620422,6.964274
139.720428,5.332454
139.820450,5.810669
139.920441,5.852718
140.020462,6.925070
140.120483,5.386546
140.220490,6.767772
140.320511,6.275923
140.420532,6.121999
140.520538,5.313763
140.620560,6.866524
140.720581,6.214179
140.820587,5.494595
140.920609,6.163465
141.020615,6.549629
141.120621,6.926948
141.220642,5.635986
141.320663,5.932282
141.420670,6.026897
141.520691,6.363379
141.620697,6.802835
141.720718,5.115577
141.820740,6.789788
141.920746,6.161312
142.020767,5.981638
142.120773,5.634307
142.220779,6.547216
142.320801,6.727169
142.420822,5.751516
142.520828,5.020223
142.620850,6.319545
142.720871,5.155419
142.820877,6.688664
142.920898,5.093935
143.020905,6.287117
143.120926,5.698523
143.220947,5.253764
143.320953,6.998292
143.420959,6.835490
143.520981,6.457767
143.620987,5.169746
143.721008,5.162653
143.821030,6.008503
143.921036,5.123154
144.021057,5.940665
144.121078,5.165818
144.221085,5.913644
144.321106,5.582988
144.421127,5.411902
144.521118,6.561963
144.621140,5.601529
144.721146,6.670983
144.821167,6.625243
144.921188,5.395145
145.021194,5.792740
145.121216,5.151431
145.221237,6.940918
145.321243,5.386619
145.421249,6.881887
145.521271,5.399234
145.621277,6.929651
145.721298,6.239427
145.821320,5.981701
145.921326,5.136044
146.021347,6.731937
146.121353,6.855214
146.221375,6.154313
146.321396,6.061030
146.421402,5.063146
146.521408,5.900480
146.621429,5.004644
146.721436,5.930409
146.821457,6.771174
146.921478,6.881504
147.021484,5.165253
147.121506,6.590849
147.221527,6.611885
147.321533,5.455218
147.421555,6.290990
147.521561,5.697129
147.621582,6.133814
147.721603,5.180238
147.821594,5.519768
147.921616,6.553215
148.021637,5.627290
148.121643,5.447727
148.221664,5.264492
148.321686,5.476490
148.421692,5.815199
148.521713,6.109054
148.621735,5.595564
148.721725,6.550002
148.821747,5.856267
148.921753,6.276552
149.021774,5.677279
149.121796,5.511520
149.221802,5.632133
149.321823,5.671866
149.421844,5.453762
149.521851,5.987832
149.621872,5.228862
149.721893,6.197564
149.821899,5.632452
149.921921,5.292898
150.021927,5.894011
150.121933,5.440054
150.221954,5.933614
150.321960,5.957804
150.421982,6.984733
150.522003,5.560646
150.622009,5.053289
150.722031,6.934314
150.822052,5.611884
150.922058,6.876719
151.022079,5.635531
151.122086,6.864482
151.222092,6.738201
151.322113,5.080859
151.422134,6.340871
151.522141,6.955190
151.622162,6.624821
151.722183,5.824598
151.822189,5.536016
151.922211,5.728289
152.022217,5.079731
152.122238,6.065440
152.222244,5.794684
152.322250,6.420309
152.422272,6.196033
152.522293,5.683247
152.622299,6.503458
152.722321,6.360576
152.822342,6.472586
152.922348,5.644132
153.022369,6.847839
153.122391,6.897828
153.222397,5.235181
153.322403,6.731595
153.422409,6.418267
153.522430,5.613360
153.622452,5.153644
153.722458,5.700613
153.822479,6.887501
153.922501,6.704235
154.022507,6.743953
154.122528,5.493422
154.222549,5.014075
154.322556,5.967542
154.422577,6.544110
154.522598,5.284174
154.622589,5.980266
154.722610,6.323440
154.822617,6.989972
154.922638,5.949018
155.022659,5.852129
155.122665,5.205066
155.222687,6.194967
155.322708,5.026765
155.422714,6.967269
155.522736,6.131932
155.622757,6.832014
155.722763,5.263967
155.822784,5.943591
155.922791,5.639591
156.022797,5.914817
156.122818,5.998033
156.222839,6.265757
156.322845,5.982797
156.422867,6.689652
156.522873,6.516316
156.622894,6.578229
156.722916,6.088653
156.822922,5.029344
156.922943,5.198165
157.022949,5.996570
157.122955,6.521413
157.222977,6.302213
157.322998,5.056458
157.423004,6.433338
157.523026,5.531670
157.623047,6.157588
157.723053,5.352182
157.823074,5.174442
157.923080,6.858530
158.023102,5.059281
158.123123,5.387807
158.223129,5.138114
158.323135,5.065476
158.423157,5.484741
158.523163,6.742700
158.623184,6.001923
158.723206,5.193828
158.823212,5.374054
158.923233,6.863304
159.023254,6.042114
159.123260,6.412108
159.223282,6.544228
159.323303,5.427885
159.423294,6.265131
159.523315,6.632149
159.623322,5.727325
159.723343,6.338164
159.823364,5.826704
159.923370,6.576356
160.023392,6.216677
160.123413,6.215201
160.223419,5.210118
160.323441,5.355706
160.423462,6.086555
160.523453,6.657990
160.623474,5.796915
160.723495,5.109008
160.823502,6.864344
160.923523,5.966090
161.023529,5.342301
161.123550,6.659529
161.223572,6.578918
161.323578,6.055968
161.423599,6.523374
161.523621,5.150943
161.623611,6.418953
161.723633,5.784763
161.823654,5.275945
161.923660,6.273002
162.023682,5.158696
162.123703,6.790579
162.223709,6.816660
162.323730,5.325120
162.423737,6.007455
162.523758,6.752040
162.623779,6.868878
162.723785,5.462062
162.823807,5.247392
162.923813,5.266002
163.023819,6.365568
163.123840,5.324435
163.223862,5.205341
163.323868,5.160351
163.423889,5.265267
163.523911,5.091903
163.623917,5.415405
163.723938,6.950741
163.823959,5.208518
163.923965,6.271319
164.023972,6.503759
164.123978,6.384764
164.223999,6.232119
164.324020,6.896845
164.424026,6.068125
164.524048,6.013220
164.624069,5.070178
164.724075,6.437267
164.824097,6.385581
164.924118,6.859617
165.024124,6.836957
165.124130,6.168485
165.224152,5.909742
165.324158,6.888110
165.424179,6.290993
165.524185,5.261218
165.624207,6.603704
165.724228,6.907166
165.824234,6.213615
165.924255,6.636853
166.024277,6.647561
166.124283,5.868486
166.224289,6.872505
166.324310,6.503472
166.424316,6.362378
166.524338,5.620714
166.624359,6.841918
166.724365,5.806849
166.824387,5.467788
166.924393,6.851006
167.024414,6.969475
167.124435,5.116671
167.224442,6.770338
167.324448,5.266057
167.424469,5.357007
167.524475,5.808762
167.624496,5.985037
167.724518,5.715839
167.824524,5.728004
167.924545,6.336975
168.024567,5.632373
168.124573,5.683658
168.224594,6.514752
168.324615,6.810514
168.424606,6.278450
168.524628,6.216958
168.624634,5.465944
168.724655,6.393147
168.824677,5.349006
168.924683,6.165706
169.024704,6.045933
169.124725,6.039217
169.224731,6.513510
169.324753,5.890621
169.424774,5.795524
169.524780,5.799490
169.624802,6.570759
169.724792,6.663859
169.824814,6.761031
169.924835,6.662421
170.024841,5.033375
170.124863,6.979657
170.224884,5.772575
170.324890,5.482924
170.424911,5.353653
170.524933,5.510797
170.624939,5.187575
170.724960,6.187592
170.824966,5.184663
170.924973,5.694897
171.024994,5.480156
171.125015,5.816502
171.225021,6.503834
171.325043,6.743363
171.425049,6.928248
171.525070,5.902150
171.625092,6.679913
171.725098,6.564281
171.825119,5.346466
171.925125,6.030116
172.025131,5.455427
172.125153,6.242558
172.225174,6.631301
172.325180,6.131979
172.425201,5.501906
172.525223,5.658592
172.625229,5.646305
172.725250,6.136551
172.825272,6.213856
172.925278,5.852590
173.025284,6.078643
173.125290,5.802495
173.225311,5.770204
173.325333,5.804249
173.425339,5.877228
173.525360,6.232283
173.625381,6.064837
173.725388,5.892836
173.825409,6.024973
173.925430,5.562936
174.025436,6.888833
174.125443,6.279289
174.225449,6.204943
174.325470,5.121158
174.425491,6.663556
174.525497,6.344439
174.625519,5.344898
174.725540,5.198914
174.825546,6.359340
174.925568,6.764685
175.025589,5.628160
175.125595,5.946273
175.225601,6.551022
175.325623,6.552426
175.425629,5.910909
175.525650,6.263761
175.625671,5.658289
175.725677,5.298043
175.825699,5.320543
175.925705,5.585719
176.025726,5.561067
176.125748,5.311071
176.225754,5.632638
176.325775,5.731916
176.425797,5.112736
176.525787,5.378930
176.625809,5.062704
176.725830,6.498439
176.825836,6.828105
176.925858,6.109649
177.025879,5.676719
177.125885,5.254388
177.225906,6.805901
177.325912,5.790515
177.425919,5.160471
177.525940,5.303152
177.625946,5.097395
177.725967,6.098907
177.825989,6.924151
177.925995,5.261865
178.026016,5.414877
178.126038,5.511574
178.226044,6.408382
178.326050,6.159080
178.426071,6.446749
178.526077,5.500378
178.626099,5.690954
178.726105,5.885823
178.826126,5.579096
178.926147,5.409565
179.026154,6.610178
179.126175,5.669359
179.226196,5.465341
179.326202,5.676997
179.426208,5.923417
179.526230,5.245307
179.626236,6.515901
179.726257,6.012444
179.826279,5.667853
179.926285,6.815263
180.026306,5.646320
180.126328,5.259070
180.226334,5.756942
180.326355,6.930850
180.426361,5.955960
180.526367,6.944786
180.626389,5.888772
180.726395,6.650300
180.826416,6.298452
180.926437,6.245355
181.026443,5.950771
181.126465,5.859363
181.226486,6.796584
181.326492,6.518087
181.426514,5.548697
181.526535,5.902677
181.626541,6.237091
181.726562,6.809240
181.826553,5.098117
181.926575,6.362174
182.026596,5.495060
182.126602,5.903767
182.226624,5.709107
182.326645,5.922070
182.426651,6.638793
182.526672,6.770575
182.626694,5.033923
182.726700,5.063392
182.826721,5.763731
182.926727,5.128109
183.026733,5.037499
183.126755,5.573263
183.226761,6.380015
183.326782,6.618841
183.426804,6.631886
183.526810,5.278483
183.626831,6.175293
183.726852,6.006600
183.826859,5.721750
183.926880,6.515397
184.026886,6.140302
184.126892,5.943699
184.226913,5.238028
184.326935,5.032653
184.426941,5.094179
184.526962,5.570807
184.626968,5.077226
184.726990,5.818668
184.827011,5.001533
184.927017,5.508559
185.027039,6.484164
185.127045,6.769897
185.227051,6.521203
185.327072,6.256872
185.427094,6.650720
185.527100,5.721873
185.627121,6.628091
185.727142,5.307219
185.827148,6.618629
185.927170,5.924373
186.027191,6.614160
186.127197,5.013255
186.227203,5.207356
186.327209,5.277455
186.427231,5.409808
186.527252,5.976748
186.627258,6.730727
186.727280,6.844167
18